1e-06  38.7
9.75e-07  41.7017781547
9.5e-07  44.7220549778
9.25e-07  47.7794714731
9e-07  50.8929554096
8.75e-07  54.0818691172
8.5e-07  57.3661624203
8.25e-07  60.7665324991
8e-07  64.3045926856
7.75e-07  68.0030522832
7.5e-07  71.8859097478
7.25e-07  75.9786617545
7e-07  80.3085310139
6.75e-07  84.9047160066
6.5e-07  89.7986661967
6.25e-07  95.0243867873
6e-07  100.618777671
5.75e-07  106.62201179
5.5e-07  113.077958986
5.25e-07  120.034662284
5e-07  127.544874624
4.75e-07  135.666665341
4.5e-07  144.464107072
4.25e-07  154.008055546
4e-07  164.377036803
3.75e-07  175.658258699
3.5e-07  187.948766422
3.25e-07  201.356765057
3e-07  216.003136232
2.75e-07  232.023180596
2.5e-07  249.568623396
2.25e-07  268.80992709
2e-07  289.93896287
1.75e-07  313.17210238
1.5e-07  338.753802157
1.25e-07  366.960767008
1e-07  398.106794581
7.5e-08  432.548423164
5e-08  470.691527989
2.5e-08  512.999040445
0.0  560.0