0.0  38.7
0.0  559.999999999
0.0  50.7508288612
0.0  62.8053448031
0.0  74.8672345357
0.0  86.9401843708
0.0  99.0278802282
0.0  111.134007641
0.0  123.262251763
0.0  135.416297371
0.0  147.599828868
0.0  159.816530294
0.0  172.07008532
0.0  184.364177262
0.0  196.702489073
0.0  209.088703355
0.0  221.526502355
0.0  234.019567971
0.0  246.571581752
0.0  259.186224898
0.0  271.867178266
0.0  284.618122367
0.0  297.442737366
0.0  310.344703087
0.0  323.327699009
0.0  336.39540427
0.0  349.551497663
0.0  362.799657639
0.0  376.143562307
0.0  389.586889428
0.0  403.133316424
0.0  416.786520369
0.0  430.550177991
0.0  444.427965674
0.0  458.423559452
0.0  472.540635012
0.0  486.782867689
0.0  501.15393247
0.0  515.657503989
0.0  530.297256525
0.0  545.076864005
0.0  38.7
0.0  559.999999999
0.0  545.076864005
0.0  530.297256525
0.0  515.657503989
0.0  501.15393247
0.0  486.782867689
0.0  472.540635012
0.0  458.423559452
0.0  444.427965674
0.0  430.550177991
0.0  416.786520368
0.0  403.133316423
0.0  389.586889427
0.0  376.143562306
0.0  362.799657639
0.0  349.551497663
0.0  336.39540427
0.0  323.327699009
0.0  310.344703087
0.0  297.442737366
0.0  284.618122367
0.0  271.867178266
0.0  259.186224898
0.0  246.571581752
0.0  234.019567971
0.0  221.526502356
0.0  209.088703355
0.0  196.702489074
0.0  184.364177262
0.0  172.070085321
0.0  159.816530294
0.0  147.599828868
0.0  135.41629737
0.0  123.262251763
0.0  111.134007641
0.0  99.0278802284
0.0  86.9401843712
0.0  74.8672345362
0.0  62.8053448036
0.0  50.7508288616
