1e-06  38.7
0.0  560.0
9.75e-07  51.7323514313
9.5e-07  64.7647037797
9.25e-07  77.7970579565
9e-07  90.829414861
8.75e-07  103.861775375
8.5e-07  116.894140361
8.25e-07  129.92651065
8e-07  142.958887043
7.75e-07  155.991270303
7.5e-07  169.023661145
7.25e-07  182.056060248
7e-07  195.088468232
6.75e-07  208.120885662
6.5e-07  221.153313047
6.25e-07  234.185750837
6e-07  247.218199414
5.75e-07  260.250659094
5.5e-07  273.283130123
5.25e-07  286.315612684
5e-07  299.348106881
4.75e-07  312.380612748
4.5e-07  325.413130254
4.25e-07  338.445659277
4e-07  351.478199657
3.75e-07  364.510751129
3.5e-07  377.543313385
3.25e-07  390.575886032
3e-07  403.608468629
2.75e-07  416.641060662
2.5e-07  429.673661569
2.25e-07  442.70627072
2e-07  455.738887449
1.75e-07  468.771511033
1.5e-07  481.804140706
1.25e-07  494.836775684
1e-07  507.869415119
7.5e-08  520.902058155
5e-08  533.934703918
2.5e-08  546.967351498
1e-06  38.7
0.0  560.0
2.5e-08  546.967351498
5e-08  533.934703918
7.5e-08  520.902058154
1e-07  507.869415119
1.25e-07  494.836775684
1.5e-07  481.804140706
1.75e-07  468.771511034
2e-07  455.738887448
2.25e-07  442.706270721
2.5e-07  429.673661568
2.75e-07  416.641060662
3e-07  403.60846863
3.25e-07  390.575886032
3.5e-07  377.543313385
3.75e-07  364.51075113
4e-07  351.478199655
4.25e-07  338.445659279
4.5e-07  325.413130253
4.75e-07  312.380612749
5e-07  299.34810688
5.25e-07  286.315612684
5.5e-07  273.283130123
5.75e-07  260.250659095
6e-07  247.218199414
6.25e-07  234.185750838
6.5e-07  221.153313046
6.75e-07  208.120885662
7e-07  195.088468232
7.25e-07  182.056060248
7.5e-07  169.023661145
7.75e-07  155.991270303
8e-07  142.958887043
8.25e-07  129.92651065
8.5e-07  116.894140361
8.75e-07  103.861775375
9e-07  90.8294148607
9.25e-07  77.7970579566
9.5e-07  64.7647037797
9.75e-07  51.7323514312
